x
21
24
15
15
14
15
14
14
15
14
12
24
6
15
15
15
14
6
8
15
14
14
15
14
14
21
14
15
14
14
15
15
26
14
15
15
15
14
11
15
15
14
14
8
14
15
14
14
14
24
24
15
15
15
15
14
14
21
14
14
14
14
12
4
21
12
14
14
14
14
10
9
15
15
15
15
12
16
7
28
16
7
16
7
7
28
7
7
16
28
7
7
16
7
28
7
16
7
16
7
7
28
7
7
7
7
7
7
7
16
16
16
7
7
7
7
7
7
7
16
7
16
16
16
7
16
16
16
7
16
16
16
7
7
16
16
7
7
7
16
7
4
4
11
26
11
21
10
8
24
8
3
4
4
3
21
24
3
3
3
21
3
3
3
3
3
24
21
3
4
4
3
6
9
10
3
3
3
21
3
4
4
26
24
3
3
26
3
21
3
4
3
24
6
24
4
3
21
8
21
8
5
17
5
17
5
17
17
5
5
5
5
5
22
5
5
22
5
22
17
5
22
5
5
22
5
5
17
5
5
5
22
22
5
17
17
17
5
22
5
5
22
22
5
22
22
17
5
22
5
5
5
22
22
5
5
22
5
22
22
5
22
22
5
17
5
5
22
5
5
22
5
22
5
22
5
29
29
29
29
29
29
29
29
29
29
29
29
13
29
29
29
29
29
29
29
29
29
29
29
29
29
29
13
29
29
29
29
29
29
29
29
29
29
29
29
29
29
29
29
29
1
19
1
1
19
1
1
1
1
1
1
1
1
8
19
1
28
1
19
1
1
1
1
28
1
19
19
19
1
19
1
1
1
19
1
19
1
19
1
1
1
1
1
1
19
1
1
1
19
1
1
19
1
19
1
1
19
1
28
1
1
1
1
1
1
1
19
1
1
20
2
20
20
2
2
2
20
20
20
20
2
20
20
20
20
20
2
20
20
20
20
2
2
2
20
20
2
20
20
2
20
2
20
20
20
2
20
2
20
20
2
2
2
2
2
2
20
2
20
20
20
20
20
20
20
2
20
2
20
20
2
2
2
2
2
20
27
18
18
18
18
18
27
27
27
27
27
27
27
27
27
27
27
27
27
27
27
27
19
27
27
27
18
27
27
18
27
27
27
27
27
27
27
18
27
27
18
27
27
27
27
27
18
27
27
18
27
27
27
27
27
24
8
4
21
6
21
26
21
26
24
24
24
4
11
21
8
10
24
4
9
21
21
21
4
8
26
24
4
4
4
11
8
21
10
8
9
21
24
10
24
11
24
21
6
21
24
6
4
9
21
8
9
23
23
23
13
30
23
30
30
23
23
23
23
30
30
25
23
23
25
25
23
30
30
25
30
25
30
30
23
30
30
23
25
23
25
23
23
30
25
25
25
30
23
25
30
23
30
25
23
23
23
23
25
25
30
23
30
23
23
25
30
25
23
25
30
25
23
30
30
30
23
30
30
30
25
25
30
25
25
23
30
30
23
23
30
30
23
23
