x
18
18
8
8
8
8
8
8
8
8
8
17
15
8
8
8
8
15
12
8
8
8
8
8
8
17
8
8
8
8
8
8
16
8
8
8
8
8
18
8
8
8
8
18
8
8
8
8
8
18
18
8
8
8
8
8
8
14
8
8
8
8
8
13
13
8
8
8
8
8
18
18
8
8
8
8
8
4
4
4
4
4
4
4
4
4
4
4
4
4
4
4
4
4
4
4
4
4
4
4
4
4
4
4
4
4
4
4
4
4
4
4
4
4
4
4
4
4
4
4
4
4
4
4
4
4
4
4
4
4
4
4
4
4
4
4
4
4
4
4
4
6
13
18
16
18
13
18
18
18
18
4
6
6
4
18
18
4
4
4
13
4
4
4
4
4
17
14
4
13
6
4
15
18
18
4
4
4
17
4
6
17
16
18
4
4
16
4
18
4
6
4
18
15
17
14
4
14
12
17
12
1
1
1
1
1
1
1
1
1
1
1
1
1
1
1
1
1
1
1
1
1
1
1
1
1
1
1
1
1
1
1
1
1
1
1
1
1
1
1
1
1
1
1
1
1
1
1
1
1
1
1
1
1
1
1
1
1
1
1
1
1
1
1
1
1
1
1
1
1
1
1
1
1
1
1
3
3
3
3
3
3
3
3
3
3
3
3
3
3
3
3
3
3
3
3
3
3
3
3
3
3
3
3
3
3
3
3
3
3
3
3
3
3
3
3
3
3
3
3
3
11
11
11
11
11
11
11
11
11
11
11
11
11
12
11
11
4
11
11
11
11
11
11
4
11
10
11
10
11
11
11
11
11
11
11
11
11
10
11
11
11
11
11
11
11
11
11
11
11
11
11
5
11
10
11
11
11
11
4
11
11
11
11
11
11
11
11
11
11
7
7
7
7
7
7
7
7
7
7
7
7
7
7
7
7
7
7
7
7
7
7
7
7
7
7
7
7
7
7
7
7
7
7
7
7
7
7
7
7
7
7
7
7
7
7
7
7
7
7
7
7
7
7
7
7
7
7
7
7
7
7
7
7
7
7
7
9
9
9
9
9
9
9
9
9
9
9
9
9
9
9
9
9
9
9
9
9
9
5
9
9
9
9
9
9
9
9
9
9
9
9
9
9
9
9
9
9
9
9
9
9
9
9
9
9
9
9
9
9
9
9
18
12
18
17
15
17
16
18
16
18
18
17
13
18
13
12
18
18
18
18
14
17
18
14
18
16
17
13
18
13
18
12
13
18
18
18
13
18
18
18
18
18
18
15
13
18
15
17
18
14
18
18
2
2
2
2
2
2
2
2
2
2
2
2
2
2
2
2
2
2
2
2
2
2
2
2
2
2
2
2
2
2
2
2
2
2
2
2
2
2
2
2
2
2
2
2
2
2
2
2
2
2
2
2
2
2
2
2
2
2
2
2
2
2
2
2
2
2
2
2
2
2
2
2
2
2
2
2
2
2
2
2
2
2
2
2
2
2
2
