x
11
11
11
11
11
11
11
5
11
11
7
1
4
11
11
8
4
11
9
11
11
8
8
11
4
11
4
8
1
4
9
11
10
8
1
11
2
9
11
8
6
11
9
11
1
8
1
11
11
11
11
1
5
11
11
11
11
3
11
11
11
11
11
11
2
11
4
10
1
8
11
11
11
4
11
11
11
8
11
11
5
8
4
11
4
1
11
11
4
8
10
4
6
8
8
4
5
5
1
1
11
8
1
5
5
5
8
8
5
5
1
5
1
1
5
1
5
8
11
3
5
1
5
8
1
8
1
1
1
5
6
1
1
1
1
5
5
5
6
1
1
1
1
8
5
5
4
1
5
8
6
8
5
8
5
1
1
1
5
5
5
8
5
5
1
1
5
1
1
5
5
1
1
5
1
5
8
1
5
5
11
5
1
8
5
8
5
8
5
8
8
5
1
1
5
1
1
5
11
1
5
1
1
5
1
1
5
5
9
1
8
5
9
1
1
5
1
5
1
5
1
1
5
5
1
5
1
5
1
5
5
1
8
1
1
5
1
5
1
5
1
5
6
5
1
5
5
1
7
5
5
11
1
5
5
5
1
8
5
8
1
5
5
8
5
1
1
8
8
3
1
1
1
11
5
1
1
1
5
5
1
1
5
1
8
7
5
1
